Date	TempF_Max	TempF_Avg	TempF_Min	DewPointF_Max	DewPointF_Avg	DewPointF_Min	Humidity_Max	Humidity_Avg	Humidity_Min	WindSpeedMPH_Max	WindSpeedMPH_Avg	WindSpeedMPH_Min	PressureIN_Max	PressureIN_Avg	PressureIN_Min	PrecipitationIN_Total
2/1/20	49	37.8	26	38	32.5	23	93	82.2	59	13	3.2	0	29.8	29.6	29.4	0
2/2/20	58	41.9	30	35	30.6	28	100	68.2	37	18	6.8	0	29.4	29.3	29.1	0.1
2/3/20	67	57.6	43	37	34.4	31	62	42.5	29	20	9.3	3	29.6	29.5	29.3	0
2/4/20	66	59.3	54	49	43.6	37	75	56.6	47	10	5	0	29.5	29.5	29.4	0
2/5/20	58	41.8	37	49	35.8	30	96	79.7	68	21	9.3	0	29.8	29.6	29.4	0.01
2/6/20	47	41.6	37	46	39.5	35	100	92.3	89	16	5.4	0	29.5	29.2	29	0.11
2/7/20	59	47.8	34	55	40.1	18	97	76.8	43	29	14.8	0	29.6	28.9	28.6	0.69
2/8/20	44	35.6	29	23	18.9	16	69	51.7	38	15	7	3	30	29.9	29.6	0.27
2/9/20	49	38.4	24	29	23.6	20	88	58.2	37	13	5.1	0	30.2	30.1	30	0
2/10/20	47	44.6	41	45	37.9	27	93	78.6	51	18	11.4	5	29.9	29.8	29.7	0.03
2/11/20	54	49.6	46	50	45.9	34	97	87.6	63	22	4.5	0	29.7	29.6	29.5	0.64
2/12/20	48	42.4	40	37	31	26	89	65.7	46	17	7.5	0	29.9	29.8	29.6	0.1
2/13/20	55	47.5	40	51	41.9	25	93	82.1	53	21	11.5	0	29.7	29.4	29.3	0.14
2/14/20	40	33.4	23	26	15.3	6	65	48	37	21	12.8	3	30.3	30	29.7	0.04
2/15/20	36	27.2	16	18	12.3	7	77	55.2	39	12	5.5	0	30.3	30.2	30	0
2/16/20	53	38.7	30	29	22.5	16	73	53.6	34	10	4.3	0	29.9	29.8	29.7	0
2/17/20	53	44.1	30	28	24.9	20	79	49	30	8	5.6	0	29.9	29.9	29.8	0
2/18/20	59	48.5	39	43	37.1	29	82	65.8	46	15	6.5	0	29.9	29.8	29.6	0
2/19/20	52	43.9	30	42	22.6	12	71	45.3	21	17	9.8	0	30.1	30	29.8	0.02
2/20/20	38	35	30	19	14.6	12	61	43.9	36	15	7.1	0	30.1	30.1	30	0
2/21/20	37	28.3	22	12	7.7	5	53	42.8	26	15	8.3	0	30.2	30.1	30.1	0
2/22/20	54	35.7	18	15	10.1	3	74	40.7	13	12	4.4	0	30.1	30	29.9	0
2/23/20	57	39.2	19	20	14.5	9	75	43.3	15	9	4	0	29.9	29.8	29.7	0
2/24/20	60	44	27	37	25.8	19	75	52.5	23	10	3.7	0	29.7	29.7	29.5	0
2/25/20	52	48.8	45	49	46	38	96	90	71	8	2.7	0	29.6	29.5	29.4	0.12
2/26/20	53	49.6	44	50	47.2	39	97	91.3	82	25	7.8	0	29.6	29.4	29.2	0.15
2/27/20	42	36.9	28	38	19.1	11	85	49.7	38	28	18.3	5	29.6	29.5	29.2	0.82
2/28/20	44	36.1	29	26	18.3	11	58	48.7	41	16	9.7	3	29.6	29.6	29.5	0
2/29/20	36	31.9	27	16	11.8	9	63	44.1	34	25	15.1	3	29.8	29.7	29.6	0
3/1/20	51	37.8	23	16	13.5	11	68	39.6	22	10	6.2	0	29.9	29.9	29.8	0
3/2/20	66	50.6	34	45	28.3	16	89	44.3	28	21	10.6	3	29.8	29.6	29.5	0
3/3/20	64	52.7	42	51	44.3	35	93	74	50	30	10.9	0	29.5	29.3	29.1	0.04
3/4/20	64	53.3	43	33	26	22	56	36.7	21	22	10.1	0	29.6	29.5	29.5	0.03
3/5/20	53	46.4	34	34	24.6	22	64	43.5	31	16	7.1	0	29.9	29.8	29.7	0
3/6/20	52	41.1	28	38	30.1	25	88	66.1	45	20	9.8	0	29.7	29.6	29.5	0
3/7/20	51	42.6	36	26	20	13	60	42.6	23	24	15.3	6	30.1	30	29.7	0.06
3/8/20	62	46.6	27	25	16.4	6	75	36.7	12	13	6.5	0	30.2	30.1	30.1	0
3/9/20	74	58	42	30	23.6	17	49	29.4	12	14	8.4	5	30.1	30	29.9	0
3/10/20	73	60.9	55	53	45.7	33	81	58.3	38	23	13.1	5	29.9	29.8	29.6	0
3/11/20	54	49.4	42	44	36.8	33	79	62.6	50	13	5.3	0	29.8	29.8	29.7	0.02
3/12/20	65	52.6	40	48	42.1	35	86	68.1	48	13	6.4	0	29.8	29.7	29.6	0
3/13/20	74	58.2	50	55	42.3	16	96	64.4	21	23	10.3	0	29.9	29.6	29.5	0.22
3/14/20	57	48.5	38	37	23.4	16	86	41.6	23	23	9	0	30.1	30	29.9	0
3/15/20	48	41.5	34	38	35.1	31	93	79	56	12	5.7	0	30.1	30.1	30	0.2
3/16/20	53	43.1	31	35	27.6	20	92	56.9	36	15	7	0	30.2	30.1	30	0.01
3/17/20	63	49.5	43	45	39.6	34	86	69.9	50	18	6.6	0	30	29.9	29.8	0
3/18/20	56	49	40	43	34.2	28	83	57.8	43	12	8.7	6	30.2	30.1	29.9	0
3/19/20	73	57.1	46	58	51.2	44	97	81.7	55	10	5.4	0	29.9	29.8	29.8	0.33
3/20/20	79	67.8	55	60	55.9	49	96	68.1	44	21	9.4	0	29.8	29.6	29.5	0.04
3/21/20	66	50.9	46	53	33	24	63	50.8	41	21	11.8	6	30.1	29.9	29.7	0
3/22/20	51	44.7	37	34	24.2	17	68	45.6	33	14	9.1	0	30.3	30.2	30.1	0
3/23/20	44	41.5	39	39	37.6	33	93	86.2	68	10	6	0	30.2	29.9	29.7	0.09
3/24/20	53	46.5	36	40	37	34	93	70.7	52	9	4.7	0	29.9	29.8	29.7	0.08
3/25/20	47	44.8	43	42	40.5	38	90	85.2	74	14	9.2	3	29.7	29.6	29.6	0.04
3/26/20	60	49.1	39	43	40.6	37	96	74.4	51	16	6.4	0	29.8	29.7	29.5	0.21
3/27/20	67	57.5	45	50	46.2	42	90	67.4	48	9	4.1	0	29.7	29.6	29.4	0
3/28/20	58	54.3	51	53	51.7	49	97	90.8	83	12	5.9	0	29.7	29.6	29.6	0.32
3/29/20	69	54.8	50	58	51	48	96	87.6	65	13	5.1	0	29.6	29.6	29.4	0.15
3/30/20	74	56.9	47	51	42.2	31	97	66.2	21	21	9.5	0	29.7	29.6	29.5	0
3/31/20	53	49.3	43	42	37	33	89	64.2	49	15	8.9	3	29.7	29.6	29.5	0
4/1/20	55	46.1	40	39	36.8	34	85	70.5	49	13	8.4	0	29.5	29.5	29.4	0.15
4/2/20	62	50.9	37	34	26.1	24	62	40	26	26	16	6	29.6	29.5	29.5	0
4/3/20	66	55.6	46	38	27.2	17	59	34.8	25	31	17.6	9	29.6	29.5	29.4	0
4/4/20	59	52.4	44	42	39.3	36	82	61.9	51	13	6.3	0	29.7	29.7	29.6	0
4/5/20	70	57.6	43	49	44.1	40	89	63.9	40	8	3.4	0	29.8	29.7	29.6	0
4/6/20	69	58	47	52	39.4	26	90	56.2	21	12	4.6	0	29.8	29.7	29.6	0
4/7/20	72	60	48	56	50.2	37	93	71.7	44	21	6.2	0	29.7	29.5	29.4	0
4/8/20	77	64	52	55	50.8	43	93	65.8	38	22	7.5	0	29.3	29.3	29.2	0.36
4/9/20	67	55	46	55	41	25	93	62.4	33	32	12.8	0	29.3	29.1	29	0.12
4/10/20	51	44.8	38	23	20.2	17	51	37.9	33	32	18.8	0	29.6	29.4	29.3	0
4/11/20	61	48.4	36	34	26	22	68	44.3	24	16	7.9	0	29.7	29.7	29.6	0
4/12/20	71	55.4	36	56	41.9	30	90	62.8	38	17	7	0	29.8	29.7	29.6	0
4/13/20	76	63.9	52	66	57.4	32	97	81.9	41	24	12.2	0	29.7	29.3	29.1	1.82
4/14/20	57	48.7	38	38	29.9	26	86	50.3	35	17	8.9	0	29.8	29.8	29.6	0.21
4/15/20	53	44	37	36	27	20	93	55.9	27	14	6.8	0	29.8	29.7	29.6	0.28
4/16/20	52	44.8	36	30	22.6	17	64	43.3	26	20	11.1	0	29.9	29.8	29.7	0
4/17/20	58	46.3	30	42	32.1	25	88	60.3	38	16	5.8	0	30	29.8	29.5	0
4/18/20	53	47.5	36	45	36.6	26	93	68.7	37	25	9.6	0	29.7	29.5	29.4	0.06
4/19/20	64	49.5	31	40	33.1	27	88	56.8	35	18	6.4	0	29.7	29.6	29.4	0
4/20/20	63	54.4	48	43	40.1	37	80	59.6	41	10	5.3	0	29.4	29.3	29.3	0
4/21/20	66	54.2	46	45	35.3	19	89	53.8	23	31	16.3	8	29.5	29.3	29.2	0
4/22/20	61	49.4	37	29	19.1	13	51	31.7	18	22	11.7	0	29.7	29.6	29.5	0.01
4/23/20	58	52.1	42	52	43.1	27	93	73.8	37	12	6.4	0	29.7	29.6	29.4	0
4/24/20	57	54.1	51	52	49.7	45	96	85.3	74	14	6.9	0	29.6	29.4	29.3	0.67
4/25/20	61	51.8	40	49	45.6	38	97	80.5	60	13	5.3	0	29.7	29.6	29.6	0.02
4/26/20	56	51.5	48	50	48	44	94	87.9	77	10	5.9	0	29.6	29.5	29.4	0.4
4/27/20	58	48.3	42	44	38.2	35	90	69.9	44	20	12	0	29.8	29.7	29.5	0.13
4/28/20	52	47.3	40	47	42	36	93	82.5	57	6	2.7	0	29.9	29.8	29.8	0
4/29/20	74	58.7	41	56	49.1	40	97	72.9	50	17	7.4	0	29.8	29.6	29.5	0.1
4/30/20	67	60	55	59	56.2	51	93	87.5	68	18	8.6	3	29.5	29.4	29.3	0.23
5/1/20	64	56.6	51	51	45	40	93	67.5	45	21	10.6	0	29.6	29.5	29.4	1.3
5/2/20	71	61	49	43	40	36	74	48.7	29	13	7.9	0	29.8	29.7	29.6	0.03
5/3/20	77	66.3	59	62	55.1	44	93	68.3	50	15	7.1	0	29.6	29.5	29.4	0
5/4/20	73	64.8	55	60	43.7	34	93	50.8	27	28	13.4	0	29.6	29.5	29.4	0.7
5/5/20	57	51.6	47	46	37.5	32	97	61.6	40	15	4.9	0	29.7	29.6	29.5	0
5/6/20	57	50.6	46	50	44.3	36	97	80	53	23	9.8	0	29.5	29.5	29.4	0.31
5/7/20	67	53.8	39	38	31.6	26	86	48.1	21	15	9.2	0	29.6	29.6	29.5	0.22
5/8/20	62	52.4	40	48	39.5	27	86	62.9	41	22	9.8	0	29.5	29.4	29.3	0
5/9/20	50	41.6	34	25	20.3	17	64	43.6	32	25	13.8	3	29.9	29.7	29.5	0.14
5/10/20	64	50.4	33	34	27.8	23	70	45.1	26	14	9	5	29.9	29.8	29.6	0
5/11/20	59	51.7	45	44	34.3	29	90	53	36	26	12.6	0	29.8	29.6	29.5	0
5/12/20	62	50.9	42	32	29	24	65	44.9	25	22	11.1	0	29.9	29.8	29.8	0
5/13/20	70	54.3	34	37	31.5	28	83	47.8	22	12	4.5	0	30	29.9	29.9	0
5/14/20	72	60	43	60	49.2	37	84	68.1	57	12	5	0	30	29.9	29.7	0
5/15/20	86	74.1	62	62	57.8	53	90	60.6	34	20	11.4	7	29.7	29.6	29.5	0.07
5/16/20	82	72.8	65	58	54.5	49	75	53.6	35	13	6.8	0	29.8	29.7	29.6	0
5/17/20	67	63.3	59	56	53.8	50	81	71.3	65	9	6	0	29.9	29.8	29.8	0
5/18/20	66	61.1	56	57	52.6	43	90	74.6	48	15	8.9	3	29.8	29.7	29.6	0
5/19/20	68	60.6	56	47	38	27	67	45.1	26	23	13.5	5	29.9	29.8	29.7	0
5/20/20	63	56	51	43	37.6	27	69	50.7	34	18	13.3	8	30	30	29.9	0
5/21/20	71	59.7	50	55	49.1	41	80	68.5	55	12	8.5	6	30	29.9	29.9	0
5/22/20	74	65.8	60	65	61.5	55	93	86.2	71	10	4.9	0	29.9	29.7	29.6	0.01
5/23/20	82	68.3	60	64	61	57	100	80	44	10	3.7	0	29.7	29.7	29.6	0.62
5/24/20	69	63.8	60	63	57.9	56	90	81.2	70	10	6.6	0	29.9	29.8	29.7	0
5/25/20	76	66.3	61	61	57.8	56	87	74.7	57	7	3.7	0	29.9	29.9	29.8	0
5/26/20	80	69.4	56	63	59.8	54	96	73.2	52	10	3	0	29.9	29.8	29.8	0
5/27/20	77	69.6	62	65	62.7	61	96	79.8	60	10	5.7	0	29.9	29.8	29.8	0
5/28/20	83	75.2	70	73	69.7	66	94	83.5	60	15	10.9	5	29.8	29.7	29.6	0.07
5/29/20	85	77.3	67	71	68.9	62	87	76.1	57	20	11.6	6	29.7	29.6	29.6	0
5/30/20	82	73.2	65	64	53.9	46	93	55.3	31	10	5.5	0	29.7	29.6	29.6	0.08
5/31/20	74	66.3	58	47	40	35	53	38.9	27	17	11.1	6	29.9	29.8	29.7	0
6/1/20	73	62	47	45	38.6	35	74	44.6	27	12	5.5	0	30	29.9	29.8	0
6/2/20	80	65.8	50	57	48.7	42	80	57.1	32	13	4.5	0	29.8	29.7	29.5	0
6/3/20	95	80.3	65	64	60.4	57	75	52.5	33	16	8.5	0	29.5	29.4	29.4	0
6/4/20	91	77	66	68	64	59	93	66.4	41	24	6	0	29.6	29.5	29.5	0
6/5/20	87	74.2	68	71	68.7	65	96	84.2	53	16	4.9	0	29.6	29.6	29.5	1.46
6/6/20	90	75.4	68	69	65.5	50	97	75.6	37	15	5.1	0	29.6	29.5	29.5	0.41
6/7/20	81	72.1	59	56	52.3	49	81	51.6	34	14	7	0	29.7	29.6	29.5	0
6/8/20	82	70.6	59	55	51.8	48	81	53.4	36	8	4.7	0	29.8	29.7	29.6	0
6/9/20	89	77.2	60	70	64.4	55	90	65.8	52	9	5.6	0	29.7	29.6	29.6	0
6/10/20	89	78.8	74	74	71.7	68	94	79.6	59	22	10	0	29.6	29.6	29.5	0
6/11/20	85	77.7	73	74	68.9	57	94	76.9	44	15	9.8	0	29.8	29.6	29.6	1.5
6/12/20	86	76.3	59	58	53.5	49	87	47.5	31	13	6.7	0	29.8	29.8	29.7	0
6/13/20	76	70.1	61	53	47.9	43	56	45.3	40	10	6.9	3	29.9	29.9	29.8	0
6/14/20	74	67.3	61	54	48.8	42	75	51.9	43	9	5.7	0	30	30	29.9	0
6/15/20	76	67.2	58	54	51.3	49	81	58.3	40	12	7	0	30.1	30	30	0
6/16/20	74	68	62	52	50.5	48	70	53.9	45	16	9.6	5	30	30	29.9	0
6/17/20	72	66.7	62	65	60	53	93	79.5	63	15	10.7	7	29.9	29.8	29.8	0
6/18/20	80	71.6	67	68	63.6	58	93	77.6	47	12	7.6	3	29.8	29.8	29.7	0.5
6/19/20	81	71.5	67	70	66.6	63	93	84.7	62	15	5.5	0	29.8	29.8	29.7	0.03
6/20/20	79	71.5	64	68	65.6	63	96	82.1	64	13	3.8	0	29.8	29.7	29.7	0.29
6/21/20	85	74.3	67	68	65.7	62	93	76.3	46	9	2.1	0	29.7	29.7	29.6	0
6/22/20	88	75.2	68	74	68.3	63	96	80	61	23	6.4	0	29.6	29.6	29.5	0
6/23/20	87	74.9	64	72	67.9	63	97	80.5	55	14	4.5	0	29.5	29.5	29.3	0.75
6/24/20	84	76.2	70	69	59.5	54	91	58.5	37	15	7.1	0	29.6	29.5	29.4	0
6/25/20	83	73.9	65	64	60.5	58	87	64.3	46	17	4.3	0	29.7	29.6	29.6	0
6/26/20	88	75	59	63	59.5	56	93	62.2	37	14	5.3	0	29.7	29.7	29.6	0
6/27/20	89	78.2	71	75	67.3	63	88	69.7	49	22	7.9	0	29.6	29.5	29.4	0
6/28/20	85	78.9	72	71	67.5	64	87	68.9	57	13	5.3	0	29.5	29.5	29.4	0.27
6/29/20	89	79.9	70	68	63.1	58	82	58.5	36	15	8.3	0	29.6	29.5	29.5	0
6/30/20	89	79	67	65	61.4	59	84	57.2	36	10	4.8	0	29.6	29.6	29.5	0
7/1/20	87	77.1	69	67	65.2	61	93	68.5	44	10	5.3	0	29.6	29.5	29.5	0.12
7/2/20	89	78.1	65	65	62.6	60	87	61.4	39	13	5.9	0	29.6	29.6	29.5	0
7/3/20	94	82	67	67	63.6	61	84	56.3	33	13	5.4	0	29.6	29.6	29.5	0
7/4/20	93	82.5	70	68	65.6	61	81	58.1	36	10	5.3	0	29.6	29.6	29.6	0
7/5/20	92	79.5	72	74	69.9	65	93	73.9	48	21	5.8	0	29.7	29.6	29.6	0
7/6/20	95	82.1	72	72	69.9	67	93	69	43	18	6.9	0	29.7	29.7	29.6	0.55
7/7/20	88	76.5	70	73	69.8	67	93	80.8	61	18	5.6	0	29.8	29.7	29.6	0.63
7/8/20	91	81.4	73	72	68	61	91	66.1	36	9	4.3	0	29.7	29.6	29.6	0
7/9/20	89	80.1	70	72	68.5	66	93	69.5	46	13	4.6	0	29.7	29.6	29.6	0
7/10/20	90	80.6	73	73	70	68	91	71.6	50	12	7	0	29.6	29.5	29.4	0
7/11/20	88	79.2	71	72	67.2	60	93	69.4	40	20	7.2	0	29.5	29.4	29.4	0.25
7/12/20	88	78.2	64	69	63.3	58	84	62	42	8	4.1	0	29.5	29.4	29.4	0
7/13/20	87	78.2	68	66	63.3	59	87	62.5	39	13	5	0	29.6	29.5	29.5	0.01
7/14/20	88	78.8	65	65	58.8	53	81	53.7	31	14	5.6	0	29.7	29.7	29.6	0
7/15/20	90	78.5	63	66	60.8	59	87	57.6	37	13	5.6	0	29.8	29.8	29.8	0
7/16/20	87	79.9	73	70	68.8	67	90	70	51	16	10.4	6	29.9	29.8	29.8	0
7/17/20	94	84	74	75	69.8	65	87	65	38	10	6.5	0	29.8	29.8	29.7	0
7/18/20	96	85.5	75	74	64.9	58	84	53.3	29	7	4.5	0	29.8	29.7	29.6	0
7/19/20	97	85.8	72	72	70	68	91	62.3	39	12	4.6	0	29.7	29.6	29.5	0
7/20/20	98	85.7	76	74	70.9	67	85	63.4	39	13	5.5	0	29.6	29.6	29.5	0
7/21/20	96	84	74	74	69.1	64	96	64.5	37	23	5.7	0	29.7	29.7	29.6	0.01
7/22/20	94	77.3	71	75	71.8	69	97	85.1	52	25	5.6	0	29.8	29.7	29.6	0.04
7/23/20	92	78.6	71	73	71	67	97	80.1	44	14	4.6	0	29.8	29.7	29.7	1.64
7/24/20	83	76.6	73	75	72.7	71	97	88.1	69	8	3.2	0	29.8	29.7	29.7	0.84
7/25/20	90	79.7	70	74	71.4	69	97	77.7	50	6	1.4	0	29.8	29.8	29.7	0.24
7/26/20	94	83	74	74	69.3	61	94	66.9	35	13	4.9	0	29.8	29.7	29.6	0
7/27/20	94	84.5	72	72	69	65	84	61.6	39	16	4.9	0	29.6	29.6	29.5	0
7/28/20	91	81.7	75	73	70.8	68	91	71.5	50	12	5.4	0	29.6	29.5	29.5	0
7/29/20	91	81	71	72	65.1	57	96	62.9	33	8	4.1	0	29.7	29.6	29.6	0
7/30/20	94	80.3	70	74	70.3	62	97	74.9	37	25	5.9	0	29.6	29.5	29.5	0
7/31/20	78	75	72	73	71.5	70	97	89	76	6	3.4	0	29.6	29.5	29.5	0.43
8/1/20	85	78	71	75	71.8	70	100	82.1	61	13	4.3	0	29.6	29.6	29.5	0.09
8/2/20	92	81.7	77	76	73.3	66	93	77	48	18	9.2	5	29.6	29.6	29.5	0
8/3/20	85	76.4	71	72	67.4	61	96	75.5	49	10	5.3	0	29.7	29.7	29.6	0
8/4/20	88	74.5	70	71	69.3	67	97	85.2	49	21	9.6	0	29.7	29.5	29.4	1.65
8/5/20	86	77.6	68	69	64.5	62	93	65.5	48	9	4.6	0	29.8	29.7	29.6	0.56
8/6/20	83	76	70	72	70	68	97	82	62	13	5.5	0	29.8	29.7	29.7	0.76
8/7/20	84	76.8	71	70	69.2	68	96	78.6	61	9	4.8	0	29.8	29.7	29.7	0
8/8/20	84	75.4	70	70	68.4	67	93	79.7	60	8	4.5	0	29.8	29.8	29.8	0
8/9/20	90	79.8	69	74	71	68	97	76.1	52	8	2.7	0	29.8	29.8	29.7	0
8/10/20	92	81.6	71	74	71.2	67	97	72.9	45	10	3.8	0	29.7	29.7	29.6	0
8/11/20	91	81.6	74	75	72.3	70	97	75.2	50	10	5.3	0	29.6	29.6	29.6	0
8/12/20	91	79.5	72	74	72.1	70	97	79.3	55	22	6.4	0	29.7	29.7	29.6	0.66
8/13/20	83	76.8	74	74	72.4	71	96	86.7	67	9	5	0	29.8	29.7	29.7	0.28
8/14/20	87	78.3	73	72	70.4	68	93	78	55	17	7.5	0	29.7	29.6	29.6	0.2
8/15/20	78	73	69	70	67	63	96	82.2	62	12	6.7	0	29.7	29.6	29.6	0.01
8/16/20	76	69.4	65	66	64.8	63	97	85.8	66	13	6.3	0	29.6	29.6	29.6	0.91
8/17/20	84	73	63	69	66	61	100	80.1	56	9	4.4	0	29.6	29.6	29.5	0.01
8/18/20	86	74.9	64	67	63.2	59	97	69.9	43	9	4.8	0	29.6	29.6	29.5	0
8/19/20	83	72.8	66	67	62.9	58	93	73.5	45	9	4.3	0	29.7	29.6	29.5	0.17
8/20/20	82	72.9	64	65	62	58	93	70	49	8	3.8	0	29.8	29.7	29.6	0
8/21/20	84	74.9	65	70	67.6	64	97	78.9	58	8	4.1	0	29.7	29.6	29.6	0
8/22/20	83	75.7	72	73	71.2	69	96	86.1	65	8	3.2	0	29.7	29.6	29.6	0
8/23/20	89	78.8	72	73	71.1	69	97	79.1	53	10	3.3	0	29.7	29.7	29.7	0.29
8/24/20	88	78.6	71	74	71.6	69	97	80.1	61	9	3.6	0	29.8	29.7	29.6	0
8/25/20	91	73.8	0	73	65.7	0	100	72.5	0	15	5.9	0	29.7	29.6	29.5	0
8/26/20	86	77.2	69	67	64.1	61	87	65.6	44	13	7.9	5	29.7	29.7	29.6	0.08
8/27/20	91	81.8	71	74	69.4	67	90	67.3	53	15	9	3	29.6	29.6	29.5	0
8/28/20	91	77.7	72	74	70.1	65	97	79	53	21	6.6	0	29.6	29.5	29.5	0
8/29/20	86	75.3	72	75	71	61	97	87.5	58	10	6	0	29.5	29.4	29.2	1.42
8/30/20	82	72.5	62	62	58.8	55	93	64.4	41	12	4.9	0	29.6	29.5	29.4	0.08
8/31/20	74	68.6	64	69	64.7	62	96	87.5	73	12	3.4	0	29.7	29.7	29.6	0
9/1/20	79	71.5	66	70	67.6	63	96	87.5	74	8	3.4	0	29.7	29.7	29.7	0.55
9/2/20	87	77.9	71	76	73.5	70	97	86.8	67	15	8.1	0	29.7	29.6	29.4	0.18
9/3/20	91	78.4	70	77	72.9	69	100	84.7	57	16	4.6	0	29.6	29.5	29.4	0
9/4/20	88	76	69	72	67.9	58	97	77.8	51	13	4.1	0	29.8	29.6	29.5	0.09
9/5/20	80	69.2	60	60	54.4	49	87	62.2	36	10	4.5	0	29.9	29.9	29.8	0.01
9/6/20	82	70.3	55	62	57.5	54	97	67.4	41	10	4.1	0	29.9	29.8	29.8	0
9/7/20	82	70.2	57	61	59.3	56	97	71.3	45	8	3.4	0	29.8	29.7	29.7	0
9/8/20	84	72.2	60	67	64	58	97	77.1	56	7	3.6	0	29.8	29.8	29.7	0
9/9/20	79	74.3	67	73	70.5	65	97	88.2	74	9	5.3	0	29.9	29.9	29.8	0
9/10/20	82	77.2	74	76	74.1	73	97	90.8	76	9	5.6	0	29.9	29.9	29.8	0.77
9/11/20	81	75	72	73	69.3	65	97	83.1	62	14	7.4	0	29.9	29.8	29.8	0.11
9/12/20	72	69.6	64	65	62.7	58	90	78.8	68	14	7.5	3	29.9	29.9	29.8	0
9/13/20	81	70	57	67	61.2	56	97	75.4	54	10	3.5	0	29.9	29.8	29.7	0
9/14/20	78	71.9	63	68	58.6	51	90	64.5	45	16	9.6	0	29.9	29.8	29.7	0
9/15/20	68	58.8	50	52	46.7	43	93	66	42	10	5	0	30	30	29.9	0
9/16/20	72	58.1	47	57	51.8	45	97	81.3	55	12	2.9	0	29.9	29.9	29.8	0
9/17/20	71	64.9	54	67	60.8	53	100	87.2	70	8	1.3	0	29.8	29.7	29.6	0
9/18/20	74	67.2	59	66	57.9	39	97	74.7	46	15	9.5	3	29.8	29.6	29.6	0.32
9/19/20	65	54.8	44	41	34.9	32	83	49.7	30	14	7.2	0	30	30	29.9	0
9/20/20	68	54.5	41	41	38.8	37	86	59.1	34	12	6.6	0	30.2	30.1	30	0
9/21/20	67	53.5	42	41	39.3	36	92	62.5	33	12	5.1	0	30.2	30.1	30	0
9/22/20	71	54.9	39	47	42.2	37	93	67.2	35	13	3.8	0	30	29.8	29.7	0
9/23/20	80	63.9	47	54	49.4	44	93	63	38	15	4.9	0	29.7	29.7	29.6	0
9/24/20	73	63.2	55	61	57	52	96	81.2	59	5	1.4	0	29.7	29.7	29.6	0
9/25/20	68	62.7	57	62	59.7	56	100	90.4	70	8	3.5	0	29.8	29.8	29.7	0
9/26/20	74	65.8	61	64	61.8	60	97	87.3	71	8	5	0	29.8	29.7	29.6	0.32
9/27/20	77	70	65	66	64	63	93	82	64	7	3.5	0	29.7	29.6	29.6	0
9/28/20	79	70.9	65	68	65.6	64	97	84	66	13	7.6	5	29.6	29.5	29.5	0
9/29/20	73	66.8	55	67	62.1	52	94	85.1	66	20	9.6	0	29.5	27.9	0	0
9/30/20	71	60.9	53	54	50.9	47	97	72.6	44	14	8.5	0	29.6	29.5	29.3	0.48
10/1/20	71	61.4	53	57	52.7	50	93	75.2	51	12	4.3	0	29.6	29.6	29.6	0
10/2/20	68	58.1	47	56	48.5	41	97	74.4	40	15	6.3	0	29.8	29.7	29.6	0.09
10/3/20	66	53.3	41	44	41	38	93	67.1	37	8	3.3	0	29.9	29.9	29.8	0
10/4/20	68	55	41	49	44.1	39	96	70	40	6	2.9	0	29.9	29.8	29.8	0
10/5/20	68	55.3	46	52	47.1	43	100	77.3	43	15	4.6	0	29.9	29.8	29.8	0.06
10/6/20	72	54.9	40	52	46.1	39	97	75.5	44	9	3.5	0	29.9	29.8	29.6	0
10/7/20	83	66.8	51	56	52.7	49	100	64.8	37	15	6.8	0	29.6	29.5	29.4	0
10/8/20	70	60.2	46	51	44.2	40	86	58.1	36	16	7.3	0	29.9	29.7	29.6	0
10/9/20	70	57.1	41	50	44.8	40	96	67	39	14	5.6	0	29.9	29.9	29.8	0
10/10/20	72	63.9	56	62	57.5	51	90	80.2	68	15	8.2	0	29.8	29.7	29.6	0
10/11/20	72	66.5	64	66	63.7	61	97	90.8	76	12	5.2	0	29.7	29.7	29.7	0
10/12/20	65	59.9	55	64	58.2	54	97	93.8	90	16	10.2	7	29.7	29.6	29.6	1.04
10/13/20	71	59.1	49	57	53.1	44	97	82.2	50	17	8.1	0	29.7	29.6	29.6	0.13
10/14/20	75	59.4	43	49	45.3	41	93	63.8	33	9	5	0	29.8	29.7	29.7	0
10/15/20	75	64.9	53	61	55.7	49	90	73.2	55	16	9.7	3	29.7	29.6	29.6	0
10/16/20	68	58.7	47	62	46.2	37	84	63.6	44	17	10.5	3	29.9	29.8	29.6	0.01
10/17/20	62	48.4	38	41	35.6	26	97	67.3	27	9	2.5	0	30.1	30	29.9	0
10/18/20	65	50.6	35	52	42.3	33	97	76	48	12	3	0	30.1	30	30	0
10/19/20	71	59	50	58	54.2	48	97	85.2	59	10	4.4	0	30	29.9	29.9	0
10/20/20	76	62.4	51	61	56.5	50	100	82.9	54	8	4.5	0	29.9	29.9	29.8	0
10/21/20	79	66.4	59	66	63.2	57	100	90	62	10	5.8	0	29.9	29.9	29.8	0
10/22/20	81	65.8	60	66	61.9	59	100	88.7	54	10	2.6	0	29.9	29.9	29.8	0
10/23/20	77	66.7	58	64	60.3	57	100	81.7	54	12	5.6	0	29.9	29.8	29.7	0
10/24/20	75	63.1	56	63	55.4	42	96	77.2	57	15	7.5	0	29.8	29.6	29.6	0
10/25/20	55	47.5	46	45	42.9	37	96	85.1	55	10	7.4	3	29.9	29.9	29.8	0.14
10/26/20	61	52.5	46	56	50.1	45	100	91.5	81	12	4.1	0	29.9	29.8	29.8	0.23
10/27/20	63	59.6	55	57	52.9	49	97	79.5	62	9	2.4	0	29.9	29.8	29.8	0
10/28/20	71	63.5	60	62	59.7	58	97	87.8	70	10	6	0	29.8	29.7	29.6	0
10/29/20	63	57	51	60	55	48	97	92.7	86	17	8.1	0	29.6	29.3	29.1	0.56
10/30/20	54	49.3	44	49	43.6	36	93	81.5	57	16	10.7	3	30	29.6	29.3	1.28
10/31/20	50	43.9	33	39	34.6	30	92	71.2	50	10	5	0	30.2	30.1	30	0
11/1/20	57	49	39	52	41.2	19	96	77.1	37	24	10.9	0	30	29.7	29.4	0
11/2/20	48	42.2	37	24	20.5	16	55	43	32	29	16.4	3	29.8	29.7	29.6	0.34
11/3/20	63	49.7	35	35	26.5	18	86	43.6	27	18	8.7	0	30	29.8	29.7	0
11/4/20	69	51.1	33	41	36	31	92	61.4	29	15	5.2	0	30.1	30.1	30	0
11/5/20	70	54.1	40	43	40.6	38	97	64.3	32	10	5.3	0	30.1	30	30	0
11/6/20	73	54.7	42	47	43.4	40	96	70.2	33	5	1.5	0	30	30	29.9	0
11/7/20	76	55.9	38	47	42.6	37	97	67	32	6	1.9	0	30	30	29.9	0
11/8/20	76	55.9	38	47	42.6	37	97	67	32	6	1.9	0	30	30	29.9	0
11/9/20	76	67.4	54	60	56.1	52	93	68.6	52	12	5.4	0	30	29.9	29.9	0
11/10/20	76	64	50	61	56.2	49	97	77.6	54	14	6	0	29.9	29.8	29.8	0
11/11/20	70	68.1	64	68	66.2	60	100	93.5	87	14	7.2	0	29.7	29.6	29.6	0
11/12/20	68	57.4	49	68	52.4	39	100	83.8	66	15	9.1	0	29.7	29.6	29.5	1.54
11/13/20	62	51.2	45	43	39.7	35	83	66.5	42	14	4.9	0	29.8	29.7	29.6	0.15
11/14/20	60	47.8	38	38	35	33	86	63.6	38	8	4	0	29.9	29.9	29.8	0
11/15/20	70	56.7	42	57	46.1	33	89	68.8	47	28	10.9	0	29.9	29.6	29.4	0
11/16/20	61	50.9	39	32	23.5	16	55	36.2	18	18	9.1	0	29.7	29.7	29.6	0
11/17/20	55	43.1	34	31	24.4	18	67	48.3	37	28	14.8	3	30	29.8	29.6	0
11/18/20	44	36.7	27	23	20.5	17	81	53.4	40	17	8.8	0	30.3	30.2	30	0
11/19/20	53	40.8	26	29	25.8	22	88	58.3	37	20	9.3	0	30.3	30.2	30.1	0
11/20/20	66	50	36	37	33	28	73	53.8	34	12	5.5	0	30.1	30	30	0
11/21/20	66	55.5	41	50	44.5	36	82	67.3	54	8	3.3	0	30.1	30	30	0
11/22/20	58	54.8	51	52	44.8	38	89	69.4	57	10	5.8	0	30.1	29.9	29.7	0
11/23/20	57	50.1	38	54	38.3	25	93	66.4	41	24	12.9	5	30	29.8	29.6	0.06
11/24/20	51	43.6	35	32	28	26	72	55.4	39	9	5	0	30.1	30	30	0
11/25/20	57	50	42	46	38.6	31	82	65.8	47	15	9.1	3	30	29.9	29.8	0
11/26/20	70	57.6	47	57	50.1	42	97	78.3	51	14	5.4	0	29.8	29.7	29.6	0.14
11/27/20	61	53.5	47	47	45	43	90	74	54	5	1.3	0	29.8	29.7	29.7	0
11/28/20	59	47.4	35	45	34.9	27	97	66.3	35	21	5.4	0	29.8	29.7	29.7	0
11/29/20	57	43.9	28	44	31.9	26	92	66	36	9	4.2	0	29.9	29.8	29.6	0
11/30/20	61	54.8	47	58	51.3	36	97	88.4	63	13	6.2	0	29.6	29.2	29	0.86
12/1/20	46	41.6	37	36	27.3	21	87	58.4	42	17	8.8	0	29.6	29.4	29.2	0.52
12/2/20	48	40.3	35	25	21.3	17	67	47.6	32	24	11.5	0	29.9	29.8	29.6	0.01
12/3/20	52	39.9	26	33	23.9	19	81	56.3	27	10	2.7	0	30	29.9	29.8	0
12/4/20	49	46.3	44	44	36.5	28	97	71.1	48	10	5.3	0	29.8	29.7	29.5	0
12/5/20	47	44.1	41	43	34.4	26	96	70.6	48	23	14.6	7	29.6	29.5	29.4	0.98
12/6/20	44	38.8	32	27	24	22	66	55.8	47	16	11.5	5	29.7	29.6	29.6	0
12/7/20	39	34.2	30	24	21.4	18	79	59.8	50	16	8.8	0	29.6	29.5	29.4	0
12/8/20	45	36.3	32	23	20.5	18	64	53.4	40	20	14.3	7	29.6	29.6	29.5	0
12/9/20	44	32.7	26	26	22.7	19	88	67.8	45	9	3.2	0	29.6	29.6	29.4	0
12/10/20	52	37.5	25	36	30	23	92	76.3	52	7	2.8	0	29.9	29.8	29.6	0
12/11/20	62	46.8	35	40	37	33	92	70.7	44	12	6.4	0	29.9	29.8	29.8	0
12/12/20	65	50.2	37	48	42.6	36	97	77.4	47	20	5.9	0	29.8	29.7	29.6	0
12/13/20	65	52.8	42	47	41	33	89	65.9	43	14	8	3	29.7	29.7	29.6	0
12/14/20	43	39.5	35	39	33.6	21	93	80.7	57	24	9.4	0	29.8	29.6	29.6	0.12
12/15/20	40	33.9	28	22	20.1	18	78	57.9	45	10	6.3	0	30	30	29.9	1.12
12/16/20	34	30.5	28	32	26.4	20	96	85	64	22	10.9	5	30	29.7	29.4	0
12/17/20	35	31.2	28	31	26.9	24	92	84.3	73	15	7.4	0	29.8	29.6	29.5	1.31
12/18/20	37	33.3	27	31	27.1	23	89	78.4	66	8	4.3	0	30.1	30	29.8	0
12/19/20	36	30.4	24	29	25.1	21	92	80.8	70	7	2.6	0	30.1	30	29.9	0
12/20/20	45	38.2	33	37	33.4	28	97	83.3	73	10	5.1	0	29.9	29.7	29.6	0
12/21/20	44	38.5	36	39	36.8	34	100	93.7	79	7	3.1	0	29.6	29.5	29.4	0
12/22/20	49	42.9	34	38	31.2	26	93	64.3	46	30	12.4	0	30	29.7	29.4	0.02
12/23/20	48	38.8	27	33	28.1	24	92	67.3	48	15	6	0	30.1	30	29.9	0
12/24/20	61	52.4	44	59	49.8	33	97	91	63	22	7.8	0	29.8	29.4	29.1	0.02
12/25/20	55	32.3	22	54	21.5	7	96	65.8	45	18	13.4	3	29.6	29.3	29.1	2.23
12/26/20	35	27	21	16	10.9	8	71	52	37	13	6.8	0	29.8	29.7	29.6	0
12/27/20	41	30.6	19	30	20.6	16	89	68.3	45	10	4.4	0	30	29.9	29.8	0
12/28/20	56	43.3	34	34	29.6	25	79	59.7	41	17	9.7	0	29.9	29.8	29.8	0
12/29/20	41	35.9	25	27	18.3	12	78	50.7	32	17	10.3	0	30.2	30.1	29.9	0
12/30/20	47	37.8	28	37	23.4	19	81	57.7	40	21	11.2	0	30.2	30	29.7	0
12/31/20	50	44.6	39	40	35	28	82	69.2	57	23	10.2	0	30.1	29.8	29.7	0
1/1/21	38	35	34	34	30.1	24	100	83.3	62	20	5.6	0	30.1	29.9	29.6	0
1/2/21	56	41.2	35	45	37.1	34	100	87.2	55	22	5.5	0	29.7	29.6	29.5	0.83
1/3/21	41	38.3	34	37	36.1	33	97	92.3	82	10	5.4	0	29.8	29.6	29.6	0.23
1/4/21	44	37	29	36	32.6	27	96	84.9	65	10	3.4	0	29.7	29.7	29.6	0.07
1/5/21	40	38.1	37	36	34.7	32	96	87.8	79	9	4.1	0	29.7	29.6	29.6	0
1/6/21	41	38.7	34	30	27.8	26	73	65.3	57	18	10.4	0	29.8	29.8	29.7	0.01
1/7/21	46	37.6	30	27	25.1	24	79	61.8	44	17	9.4	3	29.9	29.8	29.8	0
1/8/21	38	33.6	31	25	23.6	22	79	66.8	55	12	7	0	29.8	29.7	29.6	0
1/9/21	45	36.8	31	23	18.7	12	64	49.7	31	18	12.8	6	29.8	29.7	29.5	0
1/10/21	47	36.3	25	23	21.3	20	81	56.8	36	17	7.2	0	30	29.9	29.8	0
1/11/21	41	30.8	23	28	23.5	20	92	76.1	53	6	1	0	30	29.9	29.9	0
1/12/21	48	32.3	22	27	23.2	19	92	72.2	41	7	2	0	29.9	29.8	29.7	0
1/13/21	51	35.3	22	30	25	19	92	69.7	38	8	2.5	0	29.8	29.7	29.5	0
1/14/21	53	38.5	25	31	26.5	23	92	66.5	32	6	2.4	0	29.5	29.5	29.4	0
1/15/21	52	42	28	43	35.5	24	97	79.3	59	15	6	0	29.5	29.4	29.3	0
1/16/21	46	38.1	30	39	29.4	21	96	73	47	14	7	0	29.3	29.3	29.2	0.11
1/17/21	46	38.3	29	29	26	21	75	61.8	47	12	7.9	5	29.5	29.4	29.4	0
1/18/21	43	36.8	30	28	22.5	18	82	58.4	40	18	8	0	29.7	29.6	29.4	0
1/19/21	50	37.7	28	25	19.3	13	67	50.5	23	16	6.6	0	29.8	29.8	29.7	0
1/20/21	42	35	23	29	22.3	15	85	61.5	38	25	11.9	0	29.8	29.7	29.6	0.01
1/21/21	54	36.6	21	25	19.9	16	81	54.2	31	14	5.9	0	29.7	29.5	29.3	0
1/22/21	48	37.3	26	27	20.6	17	84	53.7	32	21	8.7	0	29.7	29.5	29.4	0
1/23/21	37	30.5	24	17	9.9	6	54	42.8	32	22	14.5	8	30	29.9	29.7	0
1/24/21	36	30.2	23	23	13.8	10	66	51.4	36	15	6	0	30	29.9	29.8	0
1/25/21	38	33.9	31	29	24.6	19	92	70.4	51	9	4.8	0	29.8	29.7	29.7	0
1/26/21	37	33.5	32	36	32.3	29	100	95.1	88	6	1.9	0	29.7	29.6	29.5	0.28
1/27/21	44	37.6	33	36	29.3	22	100	74.2	51	16	8.3	0	29.8	29.7	29.6	0.03
1/28/21	35	30.8	26	22	12.5	7	64	47.4	35	28	18.9	13	30	29.9	29.8	0
1/29/21	31	26.9	22	9	7.6	6	53	44.6	38	24	15.9	7	30	29.9	29.9	0
1/30/21	38	28.5	20	14	11	8	65	49.3	32	13	5.4	0	30.1	30	29.9	0
1/31/21	32	30.1	28	29	26.4	15	93	86.5	50	15	7.5	0	29.9	29.8	29.6	0.05
2/1/21	33	29.7	26	29	26.6	22	92	88	84	17	13.8	9	29.5	29.4	29.3	0.27
2/2/21	36	32.7	31	30	25.3	19	89	75.1	54	23	17.2	12	29.3	29.3	29.2	0.22
2/3/21	41	34.7	31	26	21.9	16	82	60.6	49	26	16.4	7	29.6	29.4	29.3	0
2/4/21	47	37.5	28	17	13	10	53	37.8	22	20	8.6	0	29.7	29.6	29.5	0
2/5/21	55	43	29	35	25.9	17	73	52.5	31	17	11	0	29.5	29.4	29.3	0.02
2/6/21	50	38.5	28	25	21.5	18	69	51.6	36	14	6.2	0	29.8	29.7	29.5	0
2/7/21	43	34.7	25	35	28.8	8	96	81.3	41	21	7	0	29.9	29.6	29.5	0.17
2/8/21	38	29.7	23	20	11.9	5	69	48.2	39	9	6.4	0	30.1	30	29.9	0.29
2/9/21	48	36.9	28	30	25.9	21	78	65.2	50	14	6.4	0	30	29.9	29.7	0
2/10/21	40	34.6	31	34	28.6	24	100	80.2	55	12	3.7	0	30	29.9	29.9	0
2/11/21	34	32.9	31	33	29.2	23	96	86.5	69	13	7	0	30	29.9	29.8	0.33
2/12/21	32	30	28	24	19.3	15	79	64.7	56	10	4.8	0	30	30	29.9	0.01
2/13/21	30	28.4	27	26	23.6	19	92	82.5	66	10	7.7	3	29.9	29.9	29.8	0
2/14/21	37	31.6	27	30	27	25	96	83.6	67	12	7.7	6	29.9	29.9	29.8	0.28
2/15/21	37	35	34	34	30.6	26	100	84.6	70	9	5.8	0	29.9	29.8	29.5	0
2/16/21	43	36.7	27	39	32.1	13	100	84.7	52	28	7.2	0	29.8	29.4	29.3	0.68
2/17/21	35	28.1	23	16	12.1	8	69	51.9	40	15	8.4	0	30.1	30	29.9	0
2/18/21	30	27.8	26	27	22.9	12	92	82.6	49	13	7.3	0	30.1	30	29.9	0.14
2/19/21	38	31.5	28	30	26.4	18	93	82	59	16	10	6	29.9	29.8	29.7	0.52
2/20/21	30	27.4	24	18	11.2	8	66	51.1	41	29	15.9	7	30.1	30	29.9	0
2/21/21	38	29.6	18	19	13	9	74	51.6	34	9	4.5	0	30.3	30.2	30.1	0
2/22/21	38	32.8	30	36	27.8	18	96	82.5	56	13	7.5	0	30	29.7	29.4	0
2/23/21	56	41.2	29	36	30.2	26	96	68.1	43	23	8.9	0	29.7	29.5	29.4	0.33
2/24/21	65	48.5	27	42	30	25	92	54.3	28	18	8.1	0	29.8	29.6	29.5	0
2/25/21	54	45.9	33	42	25	17	72	46	23	26	9.6	0	30	29.8	29.6	0
2/26/21	50	40.6	34	34	26.4	21	93	61	33	12	5.7	0	30.1	30.1	30	0
2/27/21	54	42.1	37	44	39	35	97	89.3	69	8	3.3	0	30	29.8	29.8	0.28
2/28/21	47	45.2	44	45	43.6	43	100	94.2	86	10	4.7	0	29.9	29.8	29.5	0.11
3/1/21	51	45.8	38	48	37.7	20	100	76.5	40	25	11.7	0	29.8	29.5	29.4	1.01
3/2/21	45	35.5	28	20	14.1	10	72	43	24	21	9.5	0	30	29.9	29.8	0.06
3/3/21	59	42.7	26	27	21.6	18	78	47.9	22	16	4.9	0	29.7	29.6	29.5	0
3/4/21	53	43.5	32	29	24.2	14	62	47.5	34	28	14.2	0	29.7	29.6	29.5	0
3/5/21	42	33.7	25	15	11.2	6	51	39.9	31	22	14.8	6	29.8	29.7	29.7	0
3/6/21	46	36.3	26	19	16.5	12	75	45.8	32	21	10.1	0	29.9	29.8	29.8	0
3/7/21	47	32.9	19	19	15.2	12	85	53	25	13	5.5	0	30.1	30	29.9	0
3/8/21	56	37.7	19	22	15.6	9	85	47.1	18	10	3.5	0	30.2	30.1	30.1	0
3/9/21	70	52.5	38	36	26.4	16	68	38.3	23	15	6	0	30.1	30	30	0
3/10/21	71	55.7	38	35	32	29	79	45.2	21	9	5.3	0	30.1	30	30	0
3/11/21	78	64.3	49	40	34.5	29	52	34.6	22	17	9.9	3	30	29.9	29.8	0
3/12/21	70	61	56	51	40	27	72	47.9	25	17	8.3	0	29.9	29.8	29.8	0
3/13/21	58	50	42	26	17.5	10	39	28.6	18	15	8.1	0	30	29.9	29.9	0
3/14/21	64	51.4	35	26	18.8	8	57	29.4	17	28	15	0	29.9	29.8	29.7	0
3/15/21	45	39	30	13	6.6	2	38	26.5	19	20	8.8	0	30.1	30	29.9	0
3/16/21	44	41.3	39	38	31	16	89	68.1	36	12	7.7	3	29.9	29.8	29.8	0
3/17/21	50	45.3	41	42	39.4	38	93	80.4	68	8	3.2	0	29.8	29.8	29.7	0
3/18/21	53	48.7	46	52	46.8	42	100	93.3	80	18	7.4	0	29.7	29.5	29.3	0.24
3/19/21	48	42.6	37	43	21.8	12	86	47.8	24	23	15.6	7	30.1	29.8	29.5	0.17
3/20/21	57	41.8	28	26	17.6	13	67	40.9	22	10	4.5	0	30.3	30.2	30.1	0
3/21/21	64	44.4	27	28	22.6	17	85	50.5	18	7	2.7	0	30.2	30.2	30.1	0
3/22/21	65	47.6	28	33	27.6	23	85	51.6	22	9	3.5	0	30.1	30	29.9	0
3/23/21	67	53.6	35	49	40.3	31	85	62.1	49	14	6	0	29.9	29.9	29.8	0
3/24/21	58	55.6	54	56	53.7	49	100	93.6	74	9	4.8	0	29.8	29.7	29.6	0.29
3/25/21	64	58.3	54	60	56.2	53	100	93.2	80	9	2.9	0	29.8	29.7	29.6	0.31
3/26/21	81	68.9	59	63	53.2	40	93	62.7	23	23	14.8	0	29.8	29.5	29.4	0
3/27/21	72	59.2	43	52	44.5	40	89	60.8	38	12	6.3	0	29.9	29.8	29.7	0
3/28/21	70	58.6	49	62	52.7	29	97	82.4	41	36	12.6	6	29.6	29.4	29.2	0.21
3/29/21	59	47.9	38	31	25.9	20	76	44.7	23	29	13.5	0	29.9	29.8	29.6	0.26
3/30/21	70	53.4	33	43	35.3	29	89	55.5	28	17	8.2	0	30	29.9	29.8	0
3/31/21	64	59.9	53	61	56.1	46	100	87.5	67	17	6.5	0	29.8	29.7	29.5	0
4/1/21	49	41.9	33	43	31	17	93	67.5	42	30	17	5	29.9	29.7	29.6	0.88
4/2/21	45	36.8	29	18	13.5	10	56	40	26	23	15.4	9	30	29.9	29.9	0
4/3/21	56	41.5	25	21	16.5	13	75	40.2	20	13	4.8	0	30.1	30	29.9	0
4/4/21	72	55.8	35	34	28	22	70	38.1	19	17	8.3	0	29.9	29.8	29.6	0
4/5/21	73	58.7	38	39	31.9	26	76	39.5	22	10	6.1	0	29.8	29.7	29.6	0
4/6/21	77	61.6	46	48	41.3	33	79	51	29	8	2.3	0	29.7	29.6	29.6	0
4/7/21	83	65.9	48	51	46.6	42	83	52.9	29	13	4	0	29.7	29.6	29.6	0
4/8/21	72	62.9	56	46	40.7	29	62	44.8	31	14	8.2	0	29.7	29.7	29.6	0
4/9/21	60	56.3	52	56	53.1	46	100	89.1	69	9	5.3	0	29.8	29.7	29.7	0.41
4/10/21	69	59.6	54	58	55.1	53	97	85.7	65	10	5.4	0	29.7	29.6	29.4	0.07
4/11/21	79	66.1	60	60	56.1	44	97	74	29	14	9.1	5	29.4	29.2	29.1	0.27
4/12/21	63	57.6	50	53	50.6	48	94	78.5	60	13	5.6	0	29.6	29.4	29.3	0.01
4/13/21	67	55.4	49	50	48.1	47	93	77.8	51	12	4.1	0	29.8	29.7	29.6	0.06
4/14/21	60	55.5	48	56	52.3	46	97	89.4	69	8	3.7	0	29.8	29.7	29.5	0
4/15/21	63	55.2	46	54	43.7	28	100	69.3	39	22	11.1	0	29.5	29.5	29.4	0.42
4/16/21	58	49.1	36	36	33	28	82	55.2	40	24	11.3	0	29.5	29.5	29.4	0
4/17/21	59	51.8	39	39	37.1	34	86	58.4	44	12	7.1	3	29.6	29.5	29.5	0
4/18/21	64	54	43	44	38.6	35	82	58.4	35	9	5.2	0	29.6	29.6	29.5	0
4/19/21	64	54.7	48	48	44.5	43	86	70	46	12	5.2	0	29.6	29.5	29.5	0
4/20/21	75	62.6	46	47	41.5	36	93	52.1	25	20	10.5	5	29.6	29.6	29.5	0
4/21/21	63	52.9	39	47	33.6	20	62	48.6	36	28	17.6	9	29.6	29.5	29.3	0
4/22/21	51	43.1	31	25	21.3	19	72	43.6	28	22	11.6	3	29.8	29.7	29.6	0
4/23/21	65	49	33	34	28.5	26	78	49.5	26	14	6.9	0	29.8	29.8	29.7	0
4/24/21	63	50.7	35	48	38	30	93	67.7	29	10	2.8	0	29.8	29.6	29.5	0
4/25/21	66	54.4	49	48	46.1	40	97	76.1	45	21	9.7	0	29.6	29.5	29.4	0.71
4/26/21	69	54.5	41	40	30.7	23	77	44.1	22	16	9.4	0	29.8	29.8	29.6	0
4/27/21	85	66	43	54	46.8	37	86	54	31	14	6.1	0	29.8	29.6	29.6	0
4/28/21	87	75.8	59	61	56.7	54	87	54.4	33	10	5.6	0	29.6	29.6	29.5	0
4/29/21	82	74.2	65	65	62.1	56	90	67.4	45	16	7.1	0	29.5	29.4	29.2	0.01
4/30/21	71	61.4	51	59	40.9	25	76	49.4	26	33	23.2	14	29.6	29.4	29.3	0.04
5/1/21	69	56.4	46	34	25.5	21	47	31.5	20	26	12.7	5	29.8	29.6	29.6	0.01
5/2/21	85	69.3	53	49	43.1	34	55	40.2	27	18	10.7	6	29.6	29.5	29.4	0
5/3/21	74	69.4	63	66	60.1	51	90	72.8	51	15	8.4	3	29.6	29.4	29.3	0.05
5/4/21	82	70.2	65	67	64.3	62	97	83.4	52	23	6.8	0	29.5	29.4	29.4	0.06
5/5/21	76	65.3	55	66	59.8	41	100	84	51	24	6.3	0	29.6	29.4	29.3	0.51
5/6/21	64	55.3	45	44	37.7	34	86	53.3	37	16	7.3	0	29.8	29.7	29.6	0.17
5/7/21	62	51.3	42	49	45.2	40	93	81	50	10	4.4	0	29.6	29.6	29.5	0
5/8/21	60	50.4	39	43	38.5	32	96	67.3	39	21	9	0	29.8	29.6	29.5	0.22
5/9/21	68	56.2	40	53	42.4	35	89	61.9	39	14	6.9	0	29.8	29.6	29.4	0.01
5/10/21	69	58.7	47	53	41.8	34	75	54.8	37	20	12.1	5	29.7	29.6	29.4	0
5/11/21	67	58	47	42	37.9	28	77	49.1	34	15	6.7	0	29.9	29.8	29.7	0
5/12/21	66	54.7	45	40	33.8	25	76	46.7	33	16	7	0	30	29.9	29.9	0
5/13/21	70	57.8	44	39	34.2	29	76	45.6	24	13	5.4	0	30	29.9	29.9	0
5/14/21	73	57.8	40	41	38	34	93	53.8	25	9	3.5	0	29.9	29.9	29.9	0
5/15/21	76	61.1	40	43	38.6	31	97	50.6	20	7	2.6	0	29.9	29.9	29.9	0
5/16/21	70	58.6	46	54	46.9	41	86	66.5	39	13	5.3	0	29.9	29.9	29.9	0
5/17/21	74	61.6	46	52	48.7	44	97	65.9	38	8	2.9	0	30	30	29.9	0.01
5/18/21	79	65.1	47	52	47.9	45	93	58.2	31	9	4.4	0	30.1	30	29.9	0
5/19/21	84	69.9	53	57	50.6	48	83	53.8	29	7	2.5	0	30.1	30	30	0
5/20/21	88	71.5	53	57	50.7	39	89	52.5	28	15	4.2	0	30.2	30.1	30	0
5/21/21	83	69.3	52	53	48.8	43	83	51.1	34	8	4.8	0	30.2	30.1	30.1	0
5/22/21	88	74.5	55	58	55.2	51	86	53.8	35	16	6.7	0	30.1	29.9	29.8	0
5/23/21	91	80.5	65	63	59.5	55	78	50.4	35	16	8.5	0	29.8	29.7	29.6	0
5/24/21	77	64.7	59	64	58.9	55	93	82.3	62	10	6.6	0	30	29.9	29.7	0.02
5/25/21	80	67	57	66	59.2	54	90	77.1	60	10	6	3	30	29.9	29.8	0.51
5/26/21	92	77.1	69	71	67.4	65	93	74.2	42	16	7.4	0	29.8	29.6	29.6	0
5/27/21	85	76.3	68	63	58.3	52	78	55.6	37	14	7.4	0	29.7	29.7	29.6	0.45
5/28/21	73	67.7	61	64	58.4	50	93	73.4	48	13	8	0	29.7	29.5	29.4	0
5/29/21	60	52.7	50	58	49.6	46	96	89.2	77	15	11.2	6	29.8	29.6	29.4	0.74
5/30/21	57	52	50	47	45.7	45	89	79.3	69	15	9.3	0	29.9	29.8	29.8	0.1
5/31/21	73	60	46	51	47.1	44	93	66.4	38	13	5.1	0	30	29.9	29.9	0.02
6/1/21	78	67	52	60	55.4	49	89	68	48	13	6.8	0	29.9	29.9	29.9	0
6/2/21	80	71.3	63	61	59.3	57	84	67	48	14	8.9	5	29.9	29.8	29.8	0
6/3/21	84	73.4	66	69	65.8	60	97	78.1	56	14	8.1	0	29.8	29.7	29.6	0.03
6/4/21	85	74.4	68	68	63.8	55	96	72.2	37	15	7.6	0	29.7	29.6	29.6	0
6/5/21	92	78	63	64	61.6	58	90	60.3	32	13	6.1	0	29.7	29.7	29.6	0
6/6/21	92	81.5	69	69	65	62	78	58.8	41	12	6.2	0	29.8	29.7	29.7	0
6/7/21	89	82.2	72	71	69.4	68	87	66.1	50	12	7.4	3	29.8	29.7	29.7	0
6/8/21	90	81.7	74	72	70	67	90	69.3	46	14	6.1	0	29.8	29.7	29.7	0
6/9/21	86	78.8	72	71	69.2	67	87	73	58	15	5	0	29.7	29.7	29.7	0
6/10/21	86	73.9	0	72	67.6	0	97	79.3	0	17	5.7	0	29.7	28.7	0	0
6/11/21	69	65.9	0	67	63.9	0	97	89.7	0	14	9.3	6	29.6	27.6	0	1.14
6/12/21	74	68.1	62	65	63.1	60	97	84.8	68	12	5.7	0	29.6	29.5	29.5	0.51
6/13/21	80	73.7	64	70	65.8	63	96	76.9	62	12	6.3	0	29.6	29.6	29.5	0
6/14/21	87	74.1	65	68	64.3	61	93	73.6	41	23	6.3	0	29.5	29.5	29.4	0.05
6/15/21	79	71.8	64	65	58.4	54	93	64.8	45	15	9	0	29.5	29.5	29.4	1.02
6/16/21	79	69.9	62	57	48.9	43	78	49.9	29	15	9.1	3	29.6	29.6	29.5	0
6/17/21	78	66.8	50	50	43.9	39	83	47.3	25	14	5.8	0	29.7	29.7	29.6	0
6/18/21	84	72.2	53	60	53.8	49	86	55	38	12	6.8	0	29.7	29.7	29.5	0
6/19/21	84	76.1	71	72	65.6	60	90	70.4	55	10	5	0	29.6	29.5	29.5	0
6/20/21	91	78.4	66	71	69	65	97	75.2	48	12	5.6	0	29.6	29.5	29.4	0.06
6/21/21	92	77.8	71	73	70.7	67	93	80.5	48	24	7.8	0	29.4	29.4	29.3	0
6/22/21	71	66.7	56	68	60.9	50	96	82.4	49	17	9	0	29.7	29.5	29.4	0.12
6/23/21	76	65.3	50	51	46.8	44	86	54.7	32	8	4.3	0	30	29.9	29.7	0.3
6/24/21	77	66.8	51	54	51.1	48	92	60.4	38	9	3.3	0	30	30	29.9	0
6/25/21	81	71.3	54	68	58.9	53	97	66.3	48	14	6.8	0	30	29.9	29.9	0
6/26/21	85	76.2	71	72	69.2	66	93	80.2	53	13	7.3	0	29.9	29.9	29.8	0
6/27/21	90	80.6	72	72	70.6	69	93	72.9	53	17	9.4	6	29.9	29.8	29.8	0.07
6/28/21	91	83	74	72	70.1	69	85	66.3	52	12	7.8	3	29.9	29.9	29.8	0
6/29/21	93	83.8	72	71	69.4	68	91	63.9	45	13	8	3	29.9	29.9	29.8	0
6/30/21	96	81.8	73	73	69.3	67	94	68.3	41	24	7.3	0	29.8	29.7	29.6	0
7/1/21	88	75.8	70	74	70	67	97	83.4	53	14	4	0	29.6	29.5	29.5	0.35
7/2/21	81	72.9	65	69	61.5	51	97	70.7	38	17	7.8	0	29.5	29.5	29.4	0.79
7/3/21	80	70.4	61	60	56	54	87	61.6	43	16	9.9	0	29.6	29.5	29.5	0
7/4/21	84	72.8	58	65	60.5	57	97	68	47	9	3.5	0	29.6	29.6	29.5	0
7/5/21	89	77.3	65	68	65	62	93	68.3	40	8	3.9	0	29.7	29.7	29.6	0
7/6/21	93	82.8	68	71	69.5	66	93	66.1	47	13	6.2	0	29.8	29.7	29.6	0
7/7/21	95	82.8	71	75	70.9	66	90	68.5	47	12	3.5	0	29.7	29.6	29.6	0
7/8/21	86	76.4	70	73	70.2	67	93	81.6	61	14	6	0	29.6	29.6	29.5	0.02
7/9/21	90	76.2	68	74	70.3	66	100	83.2	52	16	5.8	0	29.6	29.6	29.5	0.8
7/10/21	83	75.8	69	66	60.8	58	71	60.2	44	12	6.5	0	29.7	29.7	29.6	0.62
7/11/21	89	79.8	72	74	69.9	62	84	72.5	57	14	7.7	0	29.7	29.7	29.6	0.01
7/12/21	92	82.5	75	75	72.9	71	91	73.9	55	13	6.9	0	29.8	29.7	29.7	0
7/13/21	94	84.6	75	74	70.5	66	87	64.3	41	17	9	0	29.9	29.8	29.8	0
7/14/21	89	80.2	71	70	68.4	65	90	68.5	46	12	5.4	0	29.9	29.8	29.8	0
7/15/21	91	79.3	68	72	68.7	67	97	72.6	45	12	3.2	0	29.8	29.8	29.7	0
7/16/21	94	83.1	69	71	67.9	64	96	63.7	37	9	4	0	29.7	29.7	29.6	0.01
7/17/21	94	81.4	71	76	71.8	68	91	74	51	17	5.6	0	29.7	29.7	29.6	0
7/18/21	81	75.7	70	69	63	60	91	66.1	49	20	9.7	0	29.8	29.7	29.7	0.15
7/19/21	89	77.5	67	66	62.9	60	87	63.3	39	10	4	0	29.8	29.7	29.6	0
7/20/21	91	79	66	67	64.4	63	93	63	39	9	4.3	0	29.7	29.6	29.6	0
7/21/21	90	79.4	71	68	65.3	61	87	63.4	40	17	7.6	0	29.7	29.6	29.6	0
7/22/21	83	74	64	62	54.2	48	76	52.8	30	13	6.3	0	29.8	29.8	29.7	0
7/23/21	84	72.5	61	58	54.9	51	83	56.8	34	9	3.5	0	29.9	29.8	29.8	0
7/24/21	86	75.9	62	67	63.4	56	84	66	53	13	6.7	0	29.8	29.7	29.7	0
7/25/21	91	79.7	72	73	69.1	67	87	71.4	47	14	9.6	6	29.7	29.6	29.5	0
7/26/21	94	81.3	70	72	68.5	64	97	68.3	37	22	6	0	29.6	29.6	29.6	0
7/27/21	94	80.6	68	70	62.8	53	96	60.8	26	10	3.7	0	29.7	29.6	29.6	0
7/28/21	93	80	67	69	63	60	87	58.9	33	13	5.3	0	29.7	29.6	29.6	0
7/29/21	88	77.1	68	73	69.9	67	96	79.7	53	16	5.3	0	29.7	29.6	29.5	0.03
7/30/21	90	81.5	72	71	61.9	53	93	54.8	29	16	8.7	0	29.6	29.5	29.4	0
7/31/21	83	74	67	62	57	53	68	55.9	42	8	5.5	0	29.7	29.6	29.6	0